1.2407004614630432
1.1577895925349715
1.2975680718513036
1.1219845370478807
1.1213085705435966
1.1640889931156315
1.2161260364128206
1.1631043729689488
1.3142070122345695
1.2700460618635707
1.306368034397532
1.2788632820115382
1.2499674752183092
1.2925564933557798
1.2110079722603082
1.2118571403778642
1.2566143627171844
1.2467514348591116
1.2265351037411336
1.1522147539683223
1.1188111099829166
1.1372443883371357
1.262591024929567
1.3188810537463487
1.24600321132016
1.1846284636559619
1.2285712608283679
1.2044225269949624
1.2263952367478914
1.2752639684661906
1.2418570218639347
1.164980990959516
1.1525098348573035
1.1986914810366072
1.3121957680089453
1.207541352223911
1.2547729019654064
1.1863019984885144
1.14492544052001
1.153218371868261
1.2189030262420402
1.231119897353606
1.1839036730530426
1.239171733665932
1.2087878682008988
1.172265168211185
1.1423308152587917
1.248206009633353
1.2022535066544326
1.1750879486750723
1.1970587818252238
1.1556711152701342
1.220469610362597
1.2289253711745625
1.2964830608326028
1.19930659591437
1.2107331496874458
1.1671177659329481
1.255995683837504
1.232034844516611
1.2118229457439125
1.1826878859213088
1.153376984625732
1.218355873556538
1.2164009820152926
1.2534101892673002
1.28573035431805
1.36581476313346
1.2035301319384428
1.459547901928158
1.2822705511112418
1.1427832198998626
1.1705263009576976
1.1027090180811947
1.2167708855108166
1.1759507521538324
1.2029331567119907
1.170924285278148
1.158920894189511
1.1911725748801296
1.1819271273339835
1.2383125295029047
1.142040814938996
1.1688865459092017
1.3143735691525984
1.2064520441103253
1.5298599893697014
1.3558794723844847
1.345527260499796
1.3512110846413976
1.3006764109352476
1.2676879477973189
1.178162616093828
1.3125876889161951
1.1884058614354958
1.2093702961850457
1.1530099540168885
1.1398571226476664
1.1324768515003485
1.2057832730373192
1.134856949267068
