1.2407004614630432
1.2842001107113543
1.2430110478491976
1.3217631614014298
1.1860947368321737
1.3171895261042463
1.2843599481819372
1.2888532783951394
1.2906809362097125
1.1842859810161426
1.2858239488264247
1.2297032798197454
1.2204375739054603
1.298025443649663
1.2234504623302613
1.184624790934513
1.1993669332831045
1.207225251590354
1.2648278483404762
1.2052295495333507
1.1949346645547518
1.214834033975162
1.2397582200284676
1.2826404286912454
1.250178250332398
1.156664096689784
1.1774353360917824
1.180563138722375
1.2154521599061499
1.1852090729703395
1.2547426533993136
1.197385931992702
1.1479983791951778
1.2305652901175579
1.272757440061492
1.246939856604207
1.2002319741817242
1.3230704982055181
1.14080137386249
1.153945808333546
1.1946846023326358
1.1604309548451304
1.125038695339709
1.1630504424819594
1.2225480447823813
1.2549487996849868
1.2982374783553219
1.2124822672158708
1.1808303326523322
1.2705609187833664
1.237399577048206
1.2107871118612001
1.3072193988304144
1.227626078338941
1.221885850149326
1.2836794434131495
1.2848215488554031
1.2860058040924898
1.2321736425117884
1.2632105649208203
1.2065777611456119
1.3268012601827355
1.165210205272122
1.194509288146255
1.2964290294951293
1.185953137780217
1.1671275540542252
1.2653074371545436
1.2507820652717396
1.1373288877463734
1.1744713387828412
1.308548239288919
1.2391244707132099
1.2348787782550306
1.3142899646464425
1.2067844537997625
1.22218280988213
1.2966370204105295
1.2544614725016654
1.3478591128359545
1.1976588517386093
1.2934976295280913
1.2069658775051169
1.180205810136858
1.2982279299048107
1.2431462387334329
1.337140342976806
1.291169333506499
1.3514283213871439
1.140310141192943
1.20329044607672
1.190446738584064
1.2059036989779655
1.1212974311404746
1.208859951752916
1.1974878529515358
1.2027358407096616
1.1913002477286423
1.1465738313647895
1.20949453794033
1.228907585882457
