1.4913018894619723
1.556349420886153
1.5255447925443557
1.4398457871336423
1.5248758357932528
1.4908123457069915
1.5211611137935392
1.552977907084399
1.4937704995576646
1.5362663643949561
1.4909179439539784
1.496318407967483
1.3475686688113877
1.379755870035753
1.3537382456717522
1.5716058306358835
1.5821868789637181
1.5598658327376382
1.6039165983462913
1.5101073640553369
1.4840359730545027
1.4954104776751935
1.455298576198563
1.3963292956580124
1.5136837997531147
1.467170427540825
1.542535848692298
1.5532323083644701
1.417073255918642
1.5321361163704301
1.5307358516839318
1.5010661993282977
1.5100214400297807
1.5163804829984229
1.5720789150498167
1.5126200004595696
1.5511093480202118
1.5479979489269031
1.5254877655816623
1.554879996252067
1.5382516919473617
1.4990429522140318
1.5584010942121893
1.542693182218854
1.5882571104578194
1.5173355135602737
1.5422169549684743
1.5620961304392522
1.4781750082863778
1.5038648085967912
1.5022604184453916
1.4596871961760385
1.5404024425783085
1.5504815038476782
1.3788916186034594
1.5313029180249509
1.5380314092762548
1.5019753671817253
1.4953524978276393
1.5215281805018153
1.541288815725973
1.401067261777224
1.5404330032576272
1.5438358935322622
1.4963204308003482
1.57994430705532
1.5165194599732814
1.4650331548332751
1.462784468829723
1.4349797226564973
1.4344078954420032
1.4610630894132537
1.5495749648157198
1.5010100419942813
1.4658213313620134
1.4761275592828433
1.4838662643555776
1.5393759234158806
1.523930123172808
1.4452016974389545
1.522815022571957
1.5063024635493831
1.4859768428166809
1.534179154447388
1.51073380112552
1.4430256773793577
1.4939763969252575
1.5357618482507074
1.5116717581243906
1.4928284916364862
1.543435956225239
1.513383458399908
1.493706342633484
1.5637091829194358
1.5235563810884953
1.5335620613682637
1.5149609844247856
1.4594197981713046
1.50825702347806
1.4889258069297466
1.494191599512946
