1.4913018894619723
1.4985380639632937
1.5344939086190668
1.5532036208473157
1.4829023437340647
1.4445979267441176
1.557691726263704
1.4456400256862936
1.5977945796177155
1.5471122752589408
1.485334960684408
1.542678186827639
1.477110208626341
1.5454077164130724
1.4998354837529086
1.5545987037800035
1.528852028932301
1.5588978014127954
1.460944719557661
1.599067437616779
1.5249450112581677
1.542036471729147
1.4610643448664624
1.5266210527869994
1.472890790348549
1.4181198247542481
1.482874737474733
1.5034059284677606
1.4796920991601703
1.573927510248525
1.4965541582951574
1.4983816412982147
1.5802670033287285
1.5136607010497123
1.6741401013172859
1.5499807514114532
1.5593637839668921
1.5028366888277354
1.501427427602845
1.527619343027292
1.5243475238769404
1.4750331059446775
1.3763314990157967
1.3839270290027719
1.4337309804644827
1.4979759270148536
1.537087502495178
1.5073220782543506
1.4596255860540968
1.439613621918322
1.5330120824046793
1.5111712400863717
1.5035596736328114
1.5302835934934427
1.5279105317151873
1.4931655098744674
1.4527628947842222
1.4783714520003155
1.525817737665301
1.4883722592467996
1.4765063874479734
1.5068123966470794
1.4827718111536627
1.5089399783595696
1.5194324722953207
1.4968868342199786
1.374667156376491
1.5543238118501128
1.5563773310549094
1.5567738466711758
1.5416041050587797
1.5555512112788974
1.5208515438286365
1.5266100044480133
1.4921213651076997
1.5462208647263618
1.5049416218066969
1.5915045520308588
1.5379702816976764
1.5632284695765077
1.4978009985494751
1.5263621355398667
1.5336961947941676
1.543944078463441
1.5040254958485173
1.4991737764348536
1.5558493642646891
1.720481495890694
1.7511679711775934
1.6076606868412935
1.5049213286795085
1.5128614311223318
1.5534011241888186
1.4804447767344455
1.5416099573167172
1.5648728789096165
1.56355552729561
1.5624020745605556
1.5027840841565283
1.5199344439698128
1.534116746130312
