1.4913018894619723
1.4895987209914952
1.39633644922043
1.5218621984376062
1.4921456476056103
1.3598265167202441
1.5098168455793646
1.5561354607709423
1.4960270530928512
1.4891863228664637
1.283479065636375
1.521743541281379
1.5247335759993652
1.5062415126780908
1.540985950235175
1.4081487689552725
1.4657434139975563
1.4732254135277956
1.5571227231817808
1.5721813217952694
1.5754115125217394
1.3958638346874366
1.549597689205414
1.3792189764693106
1.4797924846676147
1.411001871852522
1.5166647152673283
1.5087239834613984
1.5451008238522737
1.5047017389851172
1.5282566703806038
1.511068734033863
1.5152404826873005
1.5267390113063861
1.5155011209056035
1.4322556025650912
1.5006592926055733
1.459903963093111
1.5008505420803473
1.490249994765847
1.5701116580208412
1.5234018652438905
1.4276085917396766
1.493714150461767
1.5218570236573237
1.512381324857369
1.5350180172878993
1.4243340849490531
1.5060034683972658
1.4514748611723698
1.5479033839810457
1.489913844293528
1.4854028799449317
1.5039883562177978
1.486211689587635
1.433462743461293
1.5235385342727836
1.5224256823186233
1.4985728964507448
1.4916299742086696
1.43019986306182
1.5511490397495231
1.5001758733161545
1.46740720980171
1.5006063203461062
1.5402135101967478
1.484262688923984
1.5498101563322788
1.5256961444619308
1.5149416060958572
1.499412336852309
1.39591375599832
1.3354446710533796
1.5023426549993162
1.4979537935520515
1.4535528273395786
1.523571218011298
1.5324286846682331
1.534725332296145
1.556046175974214
1.5283125054941793
1.5659133689609193
1.5044512205509926
1.5667937058324661
1.4218897518489078
1.5057542241028063
1.5649641988312906
1.5309813719426126
1.5771638237280126
1.5433594421134362
1.5357221584588545
1.5728490716012913
1.5147728664524838
1.4791520879396403
1.4895427191196347
1.5151029137397862
1.436772933495994
1.514263208709358
1.5248109170976232
1.577138875558923
1.520802913610905
