1.2407004614630432
1.2134034290225035
1.267234871224865
1.1485792098117227
1.2171805876040402
1.3185917834787455
1.1750952292882424
1.239740876407037
1.3447144772683624
1.3849447242432205
1.2415164484739627
1.299217438324543
1.283879421360659
1.3456098906652612
1.2446322663011555
1.267495796118721
1.1917608305074165
1.1719011780373179
1.2131386727653268
1.158621985568233
1.2088751105519617
1.1577463012367717
1.2171270677166177
1.256113421182305
1.2122432726405434
1.2094086282565226
1.2158029033069409
1.2457027671733107
1.2176298525733373
1.2257963435250034
1.2479599435489153
1.2168265547592836
1.185080003717827
1.185117697206799
1.1724235478575724
1.2395084142604635
1.1278371446819826
1.208767547024228
1.1943669777331625
1.1861896558077438
1.2016712943852614
1.1616818841662164
1.23650879973199
1.266737079528327
1.244893017389635
1.2720682844945368
1.170166017607723
1.342387961447655
1.1764044113027694
1.165603360481705
1.2131548715912186
1.2259588310493639
1.1808460253396251
1.1592813338247816
1.2165369985920165
1.2380278087131602
1.1858075512470563
1.1363583296960038
1.2897987076160653
1.2231363594093887
1.1633385823068738
1.192037761488535
1.2324078565807346
1.2089249961967732
1.1643831702586487
1.2027022821209816
1.131950593309547
1.2429258264275864
1.163534775587826
1.150159077777272
1.1942017190334604
1.1476591842822208
1.254781024638309
1.341484963260055
1.3954742987593205
1.2742769620243353
1.2900952318161725
1.2442408996727874
1.3737248359552026
1.2621489963458696
1.1643527171764663
1.340202991333444
1.308886034021781
1.283542256412605
1.2529900570613095
1.318305073909897
1.3457222497310215
1.3323104419247522
1.2526169329173253
1.2519887120165385
1.2393560923807128
1.3400726107503735
1.2666167254002376
1.327715466392525
1.3200850829919188
1.3566595350641943
1.38338805899543
1.3367599974126443
1.427931320453832
1.2799300257018795
1.271478165808804
