1.2407004614630432
1.2284726594956052
1.2643354154520523
1.2315655917364476
1.1538038902362473
1.2216958983605968
1.2281659899513888
1.2739361895303332
1.2331347450046213
1.2179425442903402
1.2335079317139752
1.2315992013507713
1.2013836712840655
1.1688978928737905
1.176781987219643
1.179904970903627
1.1723335614013175
1.167034745160611
1.1494602961373843
1.1177217914241626
1.3070924914306639
1.1139822995542454
1.1792606507897423
1.1923861432154295
1.2451001598745757
1.1667585068677648
1.2447078769891455
1.1848546046089852
1.2467999886847236
1.2595059250308687
1.2869726397704881
1.224972791245657
1.2158739395835227
1.183445099691592
1.21650030232086
1.2106852485377235
1.1446015660144813
1.1664093697602045
1.1998025958018277
1.2565405799553768
1.1412033549091625
1.1113592965672545
1.2594059963254898
1.2019151282839236
1.132062474696185
1.1999185189323067
1.2099686389477924
1.1148921600558048
1.2245240196305325
1.1878822172435168
1.1588210458407011
1.2582500466437039
1.2173061668805167
1.2210031089508058
1.1950709294506656
1.2540759837622018
1.2865710438181477
1.2892519794075916
1.163873761965922
1.216453449803588
1.1795399631217616
1.1156299425192588
1.1884555821854281
1.1866153145851293
1.189020865103199
1.2893445962615062
1.2885459221036015
1.1734501629072522
1.2024962952099139
1.1659606926628567
1.1655960722701235
1.1875052941710087
1.2181863002631517
1.2219752150372352
1.2392736726354396
1.1959508787380264
1.3164860995404966
1.2578689930608726
1.2387424089049912
1.2056905445263406
1.181771786118813
1.321695078214912
1.2613647747568062
1.2771473723632774
1.1854131026269303
1.1875548517216692
1.1039565766672472
1.1915366545822166
1.2680791206544182
1.2313975679996916
1.1852969676738154
1.2907958783810125
1.2771501576551563
1.2835881052062676
1.1756251783739748
1.1658147498599223
1.2222334219953772
1.150013226970381
1.2128145073116285
1.2195069269002308
1.1619208874242664
