1.4913018894619723
1.4545309192410854
1.546977968397445
1.4642635013567697
1.4238922376570102
1.438521764442501
1.4830508552955122
1.508895886978263
1.5153441135792889
1.5401957876792043
1.4956215940659823
1.4942509366081023
1.4882843347612027
1.5368522541043372
1.519658330777545
1.4954854191230451
1.496290927377066
1.4981711401194229
1.4551729020884123
1.5357982038810072
1.5290657208767922
1.5327341775677594
1.414368855962624
1.5234156953153999
1.5405031939494132
1.3976773421278073
1.5300413653477545
1.5226049865722173
1.4935310764225993
1.4160341725952421
1.4742330785046223
1.5534012718636778
1.5347501317841592
1.5319681117228425
1.4725924506231893
1.5688706269251038
1.4838619042873378
1.3743419546146043
1.441091396536885
1.477957887268595
1.5626583952753783
1.5176156863591161
1.5203267036678794
1.5564930656825102
1.4812769358320648
1.4855506656841841
1.4421310636460674
1.5299251430860767
1.512455282882257
1.4605918099104382
1.5177428092031544
1.3705886002539387
1.4072850311596223
1.5159057228827906
1.5521106287870396
1.3542545613641084
1.5251970082269628
1.5079357690933777
1.5367070506746774
1.4465861596486906
1.4815468296450758
1.5984157249055082
1.4800233746916192
1.397645916708462
1.5491192341233024
1.5129787543984372
1.4552388404526266
1.471804562485955
1.505335933017114
1.3625463469418522
1.5323933180285034
1.5558282034195294
1.5606376301571896
1.4959471230484938
1.5162230840146744
1.4427291981540435
1.5358976422494934
1.5102812789070266
1.4786940190490587
1.5427207026999004
1.5041588757823576
1.5060404084636874
1.5143293458598748
1.4681823493218977
1.5081458555263219
1.496616207160796
1.49334769542234
1.5159548512454188
1.5791800440847676
1.5760218276586424
1.594268271302811
1.5494204416883064
1.5462903629324596
1.5096728729645208
1.5036731681943742
1.395948443770488
1.544093363313822
1.5211657408198436
1.4267686216120978
1.5046601909068573
1.5844363072522647
