1.4913018894619723
1.5202275687859537
1.5052977762045958
1.513164386858582
1.4754367218950337
1.3764350642235292
1.513517660885403
1.5238806605134179
1.5085607345996974
1.4931844191602763
1.4229227786932948
1.5687854523543352
1.4766841181377564
1.5353080642432857
1.5723435148577674
1.532638808248378
1.5096030574195058
1.5001553390183278
1.564452222529825
1.5514378798770883
1.6134688235845362
1.5524593998241536
1.5192875456409916
1.5871236112290914
1.5405563067625179
1.4844925914294658
1.5269771985869787
1.4331630614395363
1.527507194487903
1.5037706105257014
1.5313476522918614
1.5546937635250306
1.5603666979686361
1.517176438749403
1.526319519245895
1.5001445644639924
1.4924405411956385
1.5197907876466843
1.482103342178905
1.3696474537307934
1.382708847707809
1.3874165423315394
1.506048882489861
1.478435474478403
1.5266049583675538
1.5015181322267632
1.4704847705175037
1.518753359364214
1.5219170735387875
1.3810388166066023
1.3631484373418734
1.3843646035388981
1.4680845867968075
1.5059227598810534
1.5271090905636757
1.4428098364837074
1.4330587319436299
1.5493673570710969
1.500116127747226
1.3230159010073452
1.499801085553348
1.4696382197664872
1.4716967694851473
1.4522767927016156
1.5292773142750076
1.4691230615159423
1.5374105298609895
1.4198057359345477
1.5247385807284455
1.5352463893409034
1.5390655290986484
1.5303000783849254
1.5886572051207823
1.5333684445562648
1.5180608016062078
1.5053238669859657
1.520543395612871
1.4899744528673136
1.5138721247609888
1.4677000699886982
1.4888199070590917
1.5106202670345301
1.5363866762740233
1.5078831271194364
1.5610464702575673
1.507164431570148
1.5421706013706724
1.5400514931135079
1.522328693980767
1.5513304692830454
1.3081239257788408
1.5188281156216228
1.438798675356315
1.5564320983274373
1.5087894370376034
1.5288790168921629
1.5200772803452491
1.5744700987960605
1.488773659104131
1.5320629998246384
1.50598599756278
