1.4913018894619723
1.492935210723816
1.4698069980601798
1.4997935222824268
1.4869849447212304
1.570644697587876
1.5639914093498437
1.5183206772684175
1.5151416766669679
1.484412436554894
1.478589254643067
1.5347606328214776
1.4989003062868722
1.4975671305401372
1.510740100574696
1.5120500575954863
1.6104279115544855
1.5437040686712342
1.5173540322206962
1.5213423871447063
1.4930632208341408
1.4967967219509133
1.4214078236147676
1.5619154460758202
1.5241548683416213
1.537482711773193
1.5277476239361027
1.54793128811557
1.5106184327223873
1.490427169460224
1.5341675751513275
1.387097378663884
1.4672016680388775
1.512256745870467
1.52388710574522
1.4998440938899795
1.4885739909442979
1.546131058966722
1.518108459394204
1.4779031103292322
1.5866973031061162
1.5545288266335962
1.4849333189916936
1.4715024756751058
1.514731207013602
1.5118917523164246
1.5206415666114637
1.4849150686485928
1.5420662071151463
1.5111071860243468
1.536629624957893
1.5314115116044082
1.5279384681596897
1.5204684035923877
1.5541258246573744
1.5513524057499322
1.549512049553681
1.5203594612478692
1.5295072453866787
1.4948470690583684
1.4908765993853805
1.49113380980276
1.320052695753568
1.4493676570910803
1.5114963322305401
1.3813492448200335
1.462896400267084
1.5614103263745618
1.5359181550576617
1.5295503409166304
1.496313094521566
1.5246578441025698
1.556982405662342
1.5034147078531526
1.4967620926619858
1.5398129599632036
1.494100437061839
1.5435247370454848
1.505506578712638
1.4947725609083582
1.509788100496263
1.4070938593716105
1.5090250540094274
1.526512559743443
1.4951650447665001
1.510384914787305
1.3527276624095774
1.5294597961552514
1.5511895197567618
1.5460926244379791
1.5718343707444735
1.4233414592835891
1.493693089023808
1.32306356807172
1.5337556262410006
1.3225280521424558
1.3928062630265114
1.4567520404566054
1.4159892273814694
1.528383152206528
1.5510780226140881
