1.2407004614630432
1.1322595585548034
1.191806686951324
1.2236207569274749
1.2656486569584133
1.2012526506714911
1.233404032806607
1.196883452897485
1.1844396925059861
1.2412088132748529
1.2111395316759517
1.2367939467639009
1.1448485119880478
1.1867109738644852
1.212573231661823
1.2706139309973383
1.1816738007655705
1.2133273009865733
1.1605114642661642
1.0573686907702005
1.1305309199340527
1.1519726272264803
1.1863006465006234
1.1753658499956514
1.2050133462267922
1.2060179373730067
1.1473067907933396
1.2386892617965721
1.2845756026966861
1.2602067457773032
1.2763368548774991
1.1449444849010022
1.1341690080042595
1.2447875286266457
1.1726649497191626
1.208912369184349
1.443330883940126
1.325482291380116
1.2771693824151098
1.1957134069550452
1.2239976972438429
1.1707301151508647
1.1848273953287318
1.1220065413660998
1.2249328399132349
1.162712365827156
1.1990377739080351
1.1591583643282188
1.1377295774180596
1.1360894947654945
1.245084946914152
1.2584722731633944
1.233604011830677
1.198214038177423
1.1156680295588204
1.2039569270306685
1.1888836518219827
1.180974593678277
1.1588589857734584
1.1679792623790783
1.318925168653288
1.2976978076408416
1.1452310371877723
1.2029220803653438
1.122221217797057
1.2066249610500512
1.1228138546461102
1.195390658175679
1.2017098514502007
1.1748654463592858
1.2133900859008462
1.1451423906429636
1.1766230301470908
1.1492241696308678
1.205660636239402
1.2007942652801429
1.1768057945824792
1.1937818945721006
1.1654564920838695
1.11311667254074
1.2902061018270423
1.2585929046412883
1.2036011375514981
1.1937496824372338
1.161324442943044
1.2890062255893915
1.2507007191560793
1.1593320487586647
1.1642318203581021
1.1822789875398838
1.1874978032440466
1.158228165560875
1.2029042213087568
1.2446065356010232
1.1502909604419869
1.2808023422196309
1.195308601159358
1.2107799473628735
1.2157961509713318
1.1678201752074608
1.2391038288305705
