1.2407004614630432
1.2553347797330399
1.1192194044600525
1.286637385327602
1.1982249818351125
1.2249904701504928
1.1752187426906313
1.179104073454242
1.1778777935595768
1.2297293631529937
1.1838745134070299
1.1563771160951348
1.168312957705641
1.1620627833634396
1.227029600313384
1.1790252513074397
1.1612659982335085
1.1375521716679269
1.2175649176704784
1.2039397330580555
1.1800922680179065
1.1660218435786005
1.227238519388088
1.2603381268023948
1.180196489903798
1.1955296857785371
1.2034128985852237
1.1838053603884882
1.1778867722061266
1.1522610991907587
1.2187138886712936
1.2454137807820314
1.1938015486039877
1.1914727804811927
1.1609312830517007
1.1561075116063244
1.1519495693359818
1.2043552906675306
1.2056844202068557
1.1936657679117153
1.1864589937982477
1.1722864633580565
1.1959404296524885
1.2611545869690368
1.1134571295027351
1.2633939614137661
1.1736288277706381
1.162090898635694
1.168985060438035
1.1861808162974397
1.2208228854405527
1.3132246340872706
1.2478308460170129
1.208931515689739
1.1288826009587891
1.1749358819564066
1.2329872784661728
1.1487409635139907
1.2213065750500733
1.2599918748431547
1.3268004467349186
1.2395543074336866
1.2270118233902751
1.2108897450597433
1.2850920847934661
1.2128146991393884
1.137278939411684
1.1560895363619608
1.159128541102115
1.1031391786075098
1.2381503262426807
1.2145490773597252
1.2342459594102424
1.279812238145484
1.2561223359295077
1.339732254897184
1.2972235376637036
1.3239250041200084
1.2907258753256923
1.2040316628426089
1.2368943945992488
1.319480131489091
1.2574160132016061
1.2363952430978358
1.2064490136692911
1.1789391117746888
1.1922045611954433
1.1758940070391797
1.205850511444745
1.409991940375582
1.239046077801103
1.2519001726822956
1.288742958097966
1.2840286882926457
1.183974369771091
1.2468174995739254
1.2194667723308563
1.1508957645453892
1.2032631219695127
1.1399300880378134
1.197645470784438
