1.2407004614630432
1.2236597099612663
1.22984619647539
1.2744682353828392
1.2086575069245473
1.1478130859677862
1.2167425508000733
1.3016761912964363
1.1980228261001526
1.2241521218534066
1.1365478968679774
1.2832525343588779
1.2411057979067552
1.2504565687092812
1.2439667643863248
1.2246695355430774
1.1689282249185684
1.1223298482771291
1.1931889744445827
1.1815297507015576
1.1390044304913145
1.106002383988165
1.2815128839666132
1.1983787694392778
1.366322904925089
1.1544613150542067
1.1814127101334342
1.2282468942449305
1.2767928948421265
1.199380627187269
1.26534893085768
1.2813611217038319
1.3451636080685216
1.3153135771023208
1.2401267422622517
1.2726154380152757
1.3017414636332676
1.2144507038194092
1.2594836413907027
1.1737729434079847
1.1950110680166304
1.136925235204038
1.2210997026187302
1.2810576471578585
1.2758849279305395
1.268498941246611
1.293695542470112
1.2353791898057893
1.1714814512607563
1.2264932270871012
1.1465542821908408
1.1976451410206579
1.261705188257313
1.3664670008691333
1.2567017361820203
1.2374773576586189
1.2594677921721624
1.2162887678046936
1.2313092828544019
1.187705547644659
1.216715995795748
1.1491278537652858
1.1949445452971852
1.2670483291109336
1.1381973885940244
1.241431847441596
1.1026725135653033
1.199056078510886
1.199968219453483
1.1997183739670998
1.2567120978548276
1.1874806888180038
1.1939713314622138
1.2223464479226613
1.222574795984376
1.1563473609346644
1.289410301764644
1.283680861684704
1.2525279428792857
1.2616286845508065
1.2047235590607293
1.2691550942877976
1.162970952018577
1.1328596512015343
1.229788602467319
1.19736375083408
1.25382368089647
1.2709250704837767
1.1863972792818251
1.2081105279235962
1.205763612169707
1.206704050114964
1.1458799344790092
1.1824248244907207
1.152822093358377
1.1459432976366954
1.276545653208565
1.1704424376044074
1.2165651782275997
1.2259882095554775
1.2000771564306323
