1.4913018894619723
1.5985945621799302
1.527761684757243
1.4052402111662856
1.503624003635991
1.5063836011624177
1.5073419668630643
1.4627776314131378
1.5155394318104454
1.508273723414086
1.4681292235554635
1.4782359803756726
1.523781453152582
1.5147186513755595
1.5062847586177002
1.499388109073317
1.5168984237346501
1.5407603417940903
1.4914262019720579
1.5616912516043226
1.5218270868394792
1.4412525840620778
1.5375381827439896
1.522903547122237
1.5328424902798505
1.5313323802408507
1.4712873143738165
1.542494791543055
1.5545061701779985
1.5608949749999144
1.542236445391757
1.5015015281751696
1.4870744579356678
1.5347291482643652
1.5324472253779247
1.4916428296587418
1.5455282168784523
1.499566300230186
1.5294858105218754
1.5488527895435187
1.576141647693083
1.5185142347951675
1.5252517720796006
1.5212593381276471
1.463889894370355
1.5081145600151937
1.52101786296651
1.5493814223276785
1.5135326187341485
1.4568656350931442
1.5114448369805493
1.5719331262997263
1.5715624817005853
1.5204580089248194
1.5399922181145644
1.4893207117677374
1.509202419185361
1.5468438854437458
1.5466158763781221
1.521956661964201
1.5249988643683048
1.554779963178837
1.5171765105723707
1.4956301247319463
1.5034168317968661
1.4971757946497266
1.5326284367679854
1.5479845955924874
1.5343250049024033
1.562987118942942
1.5538840609680686
1.541894039342553
1.4674862780937123
1.5183550801358099
1.5060486485723288
1.5129454987526407
1.5150504156475464
1.5064175336019607
1.4820558380250362
1.4918162659315666
1.4771587315452737
1.4629512214757705
1.5063924997204035
1.5010816414810655
1.522340712072699
1.5438064148485227
1.5361057806047949
1.5426739862292655
1.5192245702048728
1.50468621916226
1.5086985448582206
1.548705612085644
1.4284966310959135
1.4949016173407779
1.5104344072184792
1.5263365448315007
1.5457142930983603
1.5011788466938967
1.5005432455858954
1.4538481112621815
1.5258927353768699
