1.4913018894619723
1.5262832623239964
1.4262173344259936
1.4763829479186068
1.3360589284323072
1.4967773608153612
1.3887021101344144
1.5680245440279463
1.5050693968751603
1.587272006321621
1.5274932553232703
1.4398571522567398
1.5003611142024906
1.4174233188109655
1.5614550651996386
1.4664289632638767
1.5432024343078237
1.5504231500615333
1.4773511159572084
1.519364893493464
1.50681158535547
1.468146385226612
1.514269065943061
1.4887534508976552
1.5826031409596164
1.5228409399666778
1.4992040015339425
1.5221899666154808
1.4862894355862983
1.5006675726697276
1.4907283672576588
1.535920178094134
1.5546128611323813
1.56789078550748
1.483889320376457
1.5008229749029405
1.4451943401734029
1.4787311460070773
1.5128896893653665
1.4762237182371962
1.5250480361074603
1.543603114991234
1.5697438610479475
1.527554844538423
1.5376658122690146
1.5069317739610832
1.4970461227543026
1.5556854895858314
1.5259749635819395
1.5518781773630255
1.4990189870629897
1.496001718416707
1.511477029334007
1.536780732973032
1.4957398133704811
1.5556000839681137
1.548532668095828
1.5794522122022632
1.5771308549391323
1.6078889170529889
1.4654373889423231
1.5034106494149608
1.557447753458658
1.5701869592112951
1.603519736700528
1.3991956231356526
1.5245264277745059
1.3813617370144526
1.4093272290951266
1.4122156341117835
1.520726398445247
1.5368349207738017
1.41076790421219
1.5293610029961953
1.5299256517696391
1.4433263808592358
1.5010766422947905
1.4912288986148765
1.5129525322573885
1.4960931241442201
1.4940716270618752
1.552872243209384
1.5346960795575177
1.5174040740480237
1.5230044500431321
1.5257266108356475
1.4626488877979955
1.5547772293157593
1.5611222765996562
1.5232819127672226
1.347302958130034
1.4086566494187176
1.4326452478838407
1.5003871338484962
1.5282479573588295
1.5009212410363906
1.3929297685480506
1.490560840062711
1.5274487734843376
1.5283136464611653
1.538558873345298
