1.4913018894619723
1.5258603801242836
1.5432169238364937
1.5160543207830883
1.6095834151003945
1.5751870325251383
1.4053127423514118
1.5474159412278448
1.5329239496679636
1.5792729210725673
1.5508074347379819
1.5750839930479288
1.5630147769224487
1.50582508478255
1.4279137977083196
1.5070489216236669
1.4432442933640384
1.4177902112707659
1.5332193026540795
1.5312045858078536
1.470764198436731
1.5026893105073549
1.4658390817417426
1.479487020450494
1.4708131921465881
1.5109812249053411
1.4882966804811677
1.49674530377713
1.5215981907611795
1.59579777574762
1.5315384278112059
1.531314461087659
1.6099463263171003
1.5698883392415919
1.5550553071926654
1.6057099263730863
1.5021259738783088
1.5243687660765557
1.431769278430594
1.4762013736211743
1.5383561102686785
1.4601258758155704
1.532304543198281
1.450707997109423
1.3409409326759065
1.5091196669284448
1.4586355509614184
1.366539706601637
1.5017482264065554
1.4919632905901128
1.5442303414708791
1.5063405634240348
1.4018071651905395
1.5016616978185984
1.5178073190722035
1.4747405519971297
1.4752885991633071
1.5502532128534747
1.4952017266282918
1.5002371198105509
1.4863727546589474
1.5088719127419128
1.5563754168837916
1.5019768991969666
1.5210156980394545
1.4456448427207726
1.4125927615209206
1.4214215283294693
1.4184469227938346
1.556620677581242
1.4987298716119088
1.5130725327282362
1.4431759619203308
1.5183704081935148
1.5184654949130962
1.5951695587418973
1.5729255214147033
1.570995783310254
1.5120244411010564
1.5570248517503016
1.464171357240228
1.4303890565990975
1.482374426912992
1.5080791085470842
1.620616757545752
1.5583031626562467
1.5413818232589878
1.5248777198013441
1.4579885920363373
1.502523223323225
1.5129602489515057
1.5040535531120858
1.497170495943123
1.5250140422418976
1.5049086055566185
1.4915110474895892
1.5303255577655739
1.4717610971568826
1.4284244139028743
1.4047371698107607
1.406945388892689
