1.2407004614630432
1.237988333476606
1.218119031571169
1.174756637521713
1.1148630001931674
1.167114419409104
1.1474592980542888
1.304728393766068
1.2569002022865328
1.290337705862197
1.1857097690290042
1.2121288225727052
1.2245624837758557
1.2176788097896083
1.1841263820085264
1.2573933191914515
1.1468388315669522
1.215483338170974
1.1627842622808524
1.1620125608084484
1.1904964783312402
1.1679901187158441
1.19279546940846
1.1971189190645501
1.1702044178100062
1.1072164892466891
1.354916403566032
1.209615406327679
1.276483242570593
1.164701885394746
1.1408762526369036
1.2159506599698002
1.1610082194861733
1.3149235407582591
1.291102847914008
1.2916889749898706
1.2586745047149765
1.162246815634112
1.2350253747347346
1.182244681590278
1.2047778331650925
1.2980949725090518
1.2724033710809708
1.2183206823574242
1.214684299750381
1.237681467463877
1.2412752783674965
1.2663745846959427
1.2371569624136136
1.1383995179583768
1.1921333876343956
1.2552109429452516
1.336784231926322
1.2639285761194392
1.2681061625426229
1.2347770837151955
1.2918740338638177
1.1701741969964785
1.1037253579763866
1.18218927376744
1.1696464156496371
1.1693768137640128
1.3118654573838082
1.2176789897763687
1.2606177108027992
1.3027034607794818
1.3439048591722689
1.2129286628894962
1.2578159081164224
1.2031778509410567
1.289418691035732
1.387167696454008
1.2244618993566307
1.411552254960811
1.2235776905671703
1.327534356238457
1.2693978767163077
1.3452465449002058
1.2435474194734968
1.2297602431167496
1.1569513025388294
1.1640349505752834
1.3876516335431028
1.133639199156269
1.2393370166356972
1.2397252719843612
1.2637433352877778
1.2496155050169673
1.2366137653120952
1.2783153064182116
1.2445536283436442
1.2750174305893727
1.187650600366378
1.1617630124198701
1.1899551545018814
1.2752109277722687
1.2298836314074517
1.30631222713084
1.2604746335399264
1.2939649021445754
1.2195434788614263
