1.2407004614630432
1.2120321660093902
1.1902210949434346
1.2265649979461548
1.1419126217047788
1.206837617615391
1.1677773041530388
1.172285821929884
1.1790805693445712
1.206903688533019
1.2728289713294487
1.159531675425011
1.196158425341417
1.1475149391953576
1.2556525288616824
1.3515106586639913
1.2425840595254454
1.3020004831284702
1.1951581077886826
1.193433440986309
1.124164779911617
1.170976915463986
1.2055277167640668
1.2390037335581268
1.1876278261534159
1.234271445603276
1.1981313489224679
1.2259509360628056
1.226355891667124
1.207799041899969
1.2630288613663851
1.2633244485872226
1.2130862404589553
1.188310327230731
1.2597065842338704
1.1822138868373484
1.2202787344775539
1.2348476365955028
1.2457869652624598
1.2089178546076258
1.1789535287973134
1.1485254906743199
1.229685705947757
1.2573845578528324
1.165851847717982
1.2211133755890529
1.1342014618402918
1.155312476876013
1.2037551651195866
1.2362889489708269
1.1980777929525037
1.240149550552177
1.2896721470857353
1.2215903614304953
1.226348269829666
1.1649843565895686
1.244083998937516
1.164996313575562
1.1261533366442542
1.168297955567824
1.1663277586330332
1.1616182635719186
1.148556269680987
1.1502140502572735
1.1868353111250083
1.1933595048644818
1.2333808359085672
1.2033509529599682
1.1728251540237804
1.1909515584670787
1.2109350855834187
1.1950246856898317
1.1855851544563363
1.1988253303482916
1.1239146599729393
1.1604920505782637
1.290663015777771
1.1979768202991292
1.1957515533668555
1.254993272716116
1.1511933346903311
1.2348449428450992
1.2215149628269528
1.220274408765578
1.2908378946974393
1.2002603963096945
1.2237064729596778
1.218720675731724
1.2731074154138244
1.108178541920135
1.148207258497584
1.218834802116439
1.2335326847509869
1.204660668815329
1.2568649213586376
1.2008777896986134
1.1316627418813927
1.1529605234846656
1.1258312566469706
1.1936159855697333
1.1696418336561676
