1.4913018894619723
1.5568843650367807
1.5293606360564471
1.5526567861337064
1.5200997257439228
1.5061976499333616
1.5261854972951092
1.6043674376661037
1.6143930636393489
1.5277256759036333
1.5284436800629333
1.485250192574614
1.5700094404678608
1.5610056661892897
1.5203776195722036
1.5328956890317464
1.5368634684181546
1.4864585517008155
1.538188379993477
1.5157062170797524
1.5645981062471337
1.540538446993633
1.5909755137009705
1.5117583858502643
1.5597810269094512
1.5997310369914644
1.5607374366659799
1.5527200937358199
1.4703541310834805
1.5357437894671915
1.5349415790809702
1.5750224190130016
1.5053252360748806
1.4520285928222079
1.431449636178702
1.5486325713016782
1.549473877697408
1.5488351859742462
1.4836240262407325
1.4097563116209826
1.4793895528124095
1.3349844712996906
1.5155837550786933
1.5327004309672068
1.5272552499725554
1.5174098466078991
1.4850580313921653
1.529041330039875
1.5170175718456318
1.5308352726853198
1.5177990505707093
1.5499201645768566
1.5334024371123265
1.5157770853746293
1.517148084419188
1.4590631554258653
1.492051315758885
1.506401444747679
1.5585814484230807
1.5369750148874421
1.5385759534697225
1.437719081993035
1.4216999541361084
1.519894580182461
1.5137030334380543
1.5381826462878403
1.4912266069454898
1.5650833914307658
1.562277834058753
1.5767102771689303
1.5347077285973583
1.5003089797925655
1.5187377337155181
1.5315971277780362
1.5667108821396782
1.5855578601193183
1.496773366243323
1.451524346591823
1.3536512554911995
1.4232822515296115
1.4543595573550196
1.4857600291975168
1.5356173099521455
1.5262329024937444
1.5152310480879971
1.5756161554409556
1.4330115303832145
1.5458114523626172
1.5349047270590521
1.5570011585882526
1.6144671573978617
1.565172455727235
1.4687062177854995
1.5317225319221535
1.4697668004160243
1.533695020309685
1.542468465281594
1.5265487930448811
1.4017971279139443
1.5277320555053624
1.495246270118283
