1.2407004614630432
1.2192052035430483
1.1937234148709943
1.1998050433490453
1.1967725277148826
1.2584671786261814
1.2232720852444832
1.2671778491811772
1.2353560065985794
1.1684359547191911
1.1859140612982983
1.2007214066650502
1.2236214517777761
1.2085834475499366
1.3046164351617717
1.4562201559399233
2.0333139794470867
1.2804485721750885
1.1750253669320063
1.3277061671096333
1.1552425310438617
1.1687212882250462
1.1711260162581025
1.0895773368772854
1.1672749618946021
1.3032851085431805
1.2053663154346381
1.239015060805465
1.2461830509099507
1.173880339437157
1.254060607602556
1.2107160398509107
1.1571275515857407
1.332941924058775
1.2044777232400015
1.2016179342420275
1.181988738462456
1.192478472459579
1.1761923400908691
1.2456482705432146
1.1959933975525683
1.238715279865535
1.168646425927114
1.189705480671344
1.138940098033601
1.2615087925546247
1.3040120119657432
1.2339218103035927
1.237258971395836
1.2136996082866223
1.191545397849655
1.1920761010232903
1.1955916449875912
1.2851738980982117
1.333308594120803
1.2046849581675179
1.155733951435356
1.2052558753371274
1.2084453403286943
1.1848460526992324
1.1691733721952517
1.1558698043416842
1.203410299514478
1.1718635321754078
1.2647712662710289
1.341914780562498
1.2649651751901323
1.185818556338861
1.2706305281460581
1.1590144018512083
1.1902960437061978
1.281439734883472
1.2417604244520515
1.33413676318396
1.1404899853200268
1.1564153994124626
1.1162822987117194
1.266389827217485
1.1856215796700995
1.3300216926282622
1.2582608604992456
1.1696042171927779
1.2669076843775382
1.3115139780543807
1.2489129154132805
1.1897447941767882
1.2316083530186983
1.1606196492138487
1.18643102365338
1.1927321382626903
1.22074200220256
1.2810180412672354
1.2100967606161661
1.2015023486163314
1.2056598381993568
1.204264852924243
1.2403654568085953
1.179588670921782
1.1324058615512629
1.211551946037996
1.2319623034852425
